0.000000000000000000e+00 2.682510000000000000e+06 1.000000000000000000e+08 2.682510000000000000e+06 2.682510000000000000e+06 1.000000000000000000e+08 6.350100000000000000e+04 6.350100000000000000e+04 2.639771000000000000e+06 1.000000000000000000e+08 7.103960000000000000e+05 7.103960000000000000e+05 7.103960000000000000e+05 3.444510000000000000e+06 1.000000000000000000e+08 3.343568000000000000e+06 2.512418000000000000e+06 3.330210000000000000e+06 1.000000000000000000e+08 1.000000000000000000e+08 1.000000000000000000e+08 1.000000000000000000e+00 1.000000000000000000e+08
2.682510000000000000e+06 0.000000000000000000e+00 1.000000000000000000e+00 1.000000000000000000e+00 1.000000000000000000e+08 1.198659000000000000e+06 1.000000000000000000e+08 1.000000000000000000e+08 1.000000000000000000e+08 3.792826000000000000e+06 3.600741000000000000e+06 3.600741000000000000e+06 1.000000000000000000e+08 1.000000000000000000e+08 3.600205000000000000e+06 1.000000000000000000e+08 1.000000000000000000e+08 1.000000000000000000e+08 1.000000000000000000e+00 1.000000000000000000e+00 2.682510000000000000e+06 1.000000000000000000e+08 3.127010000000000000e+06
1.000000000000000000e+08 1.000000000000000000e+00 0.000000000000000000e+00 1.000000000000000000e+00 1.000000000000000000e+00 1.000000000000000000e+08 3.127010000000000000e+06 3.127010000000000000e+06 2.792336000000000000e+06 1.000000000000000000e+08 3.600741000000000000e+06 3.600741000000000000e+06 3.600741000000000000e+06 1.198659000000000000e+06 1.000000000000000000e+08 2.298041000000000000e+06 3.097847000000000000e+06 1.284289000000000000e+06 1.000000000000000000e+08 1.000000000000000000e+08 2.682510000000000000e+06 2.682510000000000000e+06 1.000000000000000000e+08
2.682510000000000000e+06 1.000000000000000000e+00 1.000000000000000000e+00 0.000000000000000000e+00 1.000000000000000000e+00 1.198659000000000000e+06 3.127010000000000000e+06 3.127010000000000000e+06 2.792336000000000000e+06 3.792826000000000000e+06 3.600741000000000000e+06 3.600741000000000000e+06 3.600741000000000000e+06 1.198659000000000000e+06 3.600205000000000000e+06 2.298041000000000000e+06 3.097847000000000000e+06 1.284289000000000000e+06 1.000000000000000000e+00 1.000000000000000000e+00 2.682510000000000000e+06 2.682510000000000000e+06 3.127010000000000000e+06
2.682510000000000000e+06 1.000000000000000000e+08 1.000000000000000000e+00 1.000000000000000000e+00 0.000000000000000000e+00 1.000000000000000000e+08 1.000000000000000000e+08 1.000000000000000000e+08 1.000000000000000000e+08 1.000000000000000000e+08 1.000000000000000000e+08 1.000000000000000000e+08 1.000000000000000000e+08 1.000000000000000000e+08 1.000000000000000000e+08 1.000000000000000000e+08 1.000000000000000000e+08 1.000000000000000000e+08 1.000000000000000000e+00 1.000000000000000000e+00 1.000000000000000000e+08 1.000000000000000000e+08 3.127010000000000000e+06
1.000000000000000000e+08 1.178386000000000000e+06 1.000000000000000000e+08 1.178386000000000000e+06 1.000000000000000000e+08 0.000000000000000000e+00 1.000000000000000000e+08 3.444510000000000000e+06 3.554336000000000000e+06 1.000000000000000000e+08 3.918241000000000000e+06 1.000000000000000000e+08 3.918241000000000000e+06 1.000000000000000000e+00 1.000000000000000000e+08 1.000000000000000000e+08 3.859847000000000000e+06 1.720615000000000000e+06 1.000000000000000000e+08 1.000000000000000000e+08 1.000000000000000000e+08 3.444510000000000000e+06 1.000000000000000000e+08
6.350100000000000000e+04 1.000000000000000000e+08 3.127010000000000000e+06 3.127010000000000000e+06 1.000000000000000000e+08 1.000000000000000000e+08 0.000000000000000000e+00 1.000000000000000000e+08 1.000000000000000000e+08 1.000000000000000000e+08 1.000000000000000000e+08 1.000000000000000000e+08 1.000000000000000000e+08 1.000000000000000000e+08 1.000000000000000000e+08 1.000000000000000000e+08 1.000000000000000000e+08 1.000000000000000000e+08 3.127010000000000000e+06 1.000000000000000000e+08 1.000000000000000000e+08 1.000000000000000000e+08 1.000000000000000000e+00
6.350100000000000000e+04 1.000000000000000000e+08 3.127010000000000000e+06 3.127010000000000000e+06 1.000000000000000000e+08 3.444510000000000000e+06 1.000000000000000000e+08 0.000000000000000000e+00 1.000000000000000000e+08 8.672920000000000000e+05 1.000000000000000000e+08 1.000000000000000000e+08 1.000000000000000000e+08 1.000000000000000000e+08 6.464600000000000000e+05 1.000000000000000000e+08 1.000000000000000000e+08 1.000000000000000000e+08 3.127010000000000000e+06 3.127010000000000000e+06 1.000000000000000000e+08 1.000000000000000000e+08 1.000000000000000000e+00
2.639536000000000000e+06 1.000000000000000000e+08 2.791130000000000000e+06 2.791130000000000000e+06 1.000000000000000000e+08 3.553130000000000000e+06 1.000000000000000000e+08 1.000000000000000000e+08 0.000000000000000000e+00 2.842104000000000000e+06 1.000000000000000000e+08 1.000000000000000000e+08 1.000000000000000000e+08 1.000000000000000000e+08 2.604502000000000000e+06 1.000000000000000000e+08 1.000000000000000000e+08 1.000000000000000000e+08 2.791130000000000000e+06 2.791130000000000000e+06 1.000000000000000000e+08 1.000000000000000000e+08 3.084036000000000000e+06
1.000000000000000000e+08 3.792692000000000000e+06 1.000000000000000000e+08 3.792692000000000000e+06 1.000000000000000000e+08 1.000000000000000000e+08 1.000000000000000000e+08 8.661850000000000000e+05 2.842104000000000000e+06 0.000000000000000000e+00 1.000000000000000000e+08 1.000000000000000000e+08 8.565010000000000000e+05 1.000000000000000000e+08 1.000000000000000000e+08 1.000000000000000000e+08 2.691710000000000000e+06 3.144992000000000000e+06 1.000000000000000000e+08 1.000000000000000000e+08 1.000000000000000000e+08 9.296850000000000000e+05 1.000000000000000000e+08
7.095240000000000000e+05 3.599668000000000000e+06 3.599668000000000000e+06 3.599668000000000000e+06 1.000000000000000000e+08 3.917168000000000000e+06 1.000000000000000000e+08 1.000000000000000000e+08 1.000000000000000000e+08 1.000000000000000000e+08 0.000000000000000000e+00 1.000000000000000000e+08 1.000000000000000000e+00 1.000000000000000000e+08 6.350000000000000000e+05 1.000000000000000000e+08 1.000000000000000000e+08 3.358368000000000000e+06 3.599668000000000000e+06 3.599668000000000000e+06 1.000000000000000000e+08 7.095240000000000000e+05 6.460240000000000000e+05
7.095240000000000000e+05 3.599668000000000000e+06 3.599668000000000000e+06 3.599668000000000000e+06 1.000000000000000000e+08 1.000000000000000000e+08 1.000000000000000000e+08 1.000000000000000000e+08 1.000000000000000000e+08 1.000000000000000000e+08 1.000000000000000000e+08 0.000000000000000000e+00 1.000000000000000000e+00 1.000000000000000000e+08 1.000000000000000000e+08 1.000000000000000000e+08 1.000000000000000000e+08 3.358368000000000000e+06 3.599668000000000000e+06 1.000000000000000000e+08 1.000000000000000000e+08 7.095240000000000000e+05 6.460240000000000000e+05
7.095240000000000000e+05 1.000000000000000000e+08 3.599668000000000000e+06 3.599668000000000000e+06 1.000000000000000000e+08 3.917168000000000000e+06 1.000000000000000000e+08 1.000000000000000000e+08 1.000000000000000000e+08 8.558310000000000000e+05 1.000000000000000000e+00 1.000000000000000000e+00 0.000000000000000000e+00 1.000000000000000000e+08 6.350000000000000000e+05 1.000000000000000000e+08 1.000000000000000000e+08 1.000000000000000000e+08 3.599668000000000000e+06 3.599668000000000000e+06 7.095240000000000000e+05 1.000000000000000000e+08 6.460240000000000000e+05
3.444510000000000000e+06 1.000000000000000000e+08 1.178386000000000000e+06 1.178386000000000000e+06 1.000000000000000000e+08 1.000000000000000000e+00 1.000000000000000000e+08 1.000000000000000000e+08 1.000000000000000000e+08 1.000000000000000000e+08 1.000000000000000000e+08 1.000000000000000000e+08 1.000000000000000000e+08 0.000000000000000000e+00 3.917705000000000000e+06 1.000000000000000000e+08 1.000000000000000000e+08 1.000000000000000000e+08 1.178386000000000000e+06 1.178386000000000000e+06 1.000000000000000000e+08 1.000000000000000000e+08 3.444510000000000000e+06
1.000000000000000000e+08 3.599668000000000000e+06 1.000000000000000000e+08 3.599668000000000000e+06 1.000000000000000000e+08 1.000000000000000000e+08 1.000000000000000000e+08 6.460240000000000000e+05 2.604502000000000000e+06 1.000000000000000000e+08 6.350000000000000000e+05 1.000000000000000000e+08 6.350000000000000000e+05 3.917168000000000000e+06 0.000000000000000000e+00 1.000000000000000000e+08 2.454108000000000000e+06 3.358368000000000000e+06 1.000000000000000000e+08 1.000000000000000000e+08 1.000000000000000000e+08 7.095240000000000000e+05 1.000000000000000000e+08
3.343568000000000000e+06 1.000000000000000000e+08 2.298041000000000000e+06 2.298041000000000000e+06 1.000000000000000000e+08 1.000000000000000000e+08 1.000000000000000000e+08 1.000000000000000000e+08 1.000000000000000000e+08 1.000000000000000000e+08 1.000000000000000000e+08 1.000000000000000000e+08 1.000000000000000000e+08 1.000000000000000000e+08 1.000000000000000000e+08 0.000000000000000000e+00 1.000000000000000000e+08 1.000000000000000000e+08 2.298041000000000000e+06 1.000000000000000000e+08 1.000000000000000000e+08 1.000000000000000000e+08 3.343568000000000000e+06
2.512197000000000000e+06 1.000000000000000000e+08 3.097096000000000000e+06 3.097096000000000000e+06 1.000000000000000000e+08 3.859096000000000000e+06 1.000000000000000000e+08 1.000000000000000000e+08 1.000000000000000000e+08 2.691710000000000000e+06 1.000000000000000000e+08 1.000000000000000000e+08 1.000000000000000000e+08 1.000000000000000000e+08 2.454108000000000000e+06 1.000000000000000000e+08 0.000000000000000000e+00 1.000000000000000000e+08 3.097096000000000000e+06 3.097096000000000000e+06 1.000000000000000000e+08 1.000000000000000000e+08 2.956697000000000000e+06
3.330210000000000000e+06 1.000000000000000000e+08 1.283726000000000000e+06 1.283726000000000000e+06 1.000000000000000000e+08 1.720615000000000000e+06 1.000000000000000000e+08 1.000000000000000000e+08 1.000000000000000000e+08 3.145126000000000000e+06 3.359441000000000000e+06 3.359441000000000000e+06 1.000000000000000000e+08 1.000000000000000000e+08 3.358905000000000000e+06 1.000000000000000000e+08 1.000000000000000000e+08 0.000000000000000000e+00 1.283726000000000000e+06 1.283726000000000000e+06 3.330210000000000000e+06 1.000000000000000000e+08 2.885710000000000000e+06
1.000000000000000000e+08 1.000000000000000000e+00 1.000000000000000000e+08 1.000000000000000000e+00 1.000000000000000000e+00 1.000000000000000000e+08 3.127010000000000000e+06 3.127010000000000000e+06 2.792336000000000000e+06 1.000000000000000000e+08 3.600741000000000000e+06 3.600741000000000000e+06 3.600741000000000000e+06 1.198659000000000000e+06 1.000000000000000000e+08 2.298041000000000000e+06 3.097847000000000000e+06 1.284289000000000000e+06 0.000000000000000000e+00 1.000000000000000000e+08 2.682510000000000000e+06 2.682510000000000000e+06 1.000000000000000000e+08
1.000000000000000000e+08 1.000000000000000000e+00 1.000000000000000000e+08 1.000000000000000000e+00 1.000000000000000000e+00 1.000000000000000000e+08 1.000000000000000000e+08 3.127010000000000000e+06 2.792336000000000000e+06 1.000000000000000000e+08 3.600741000000000000e+06 1.000000000000000000e+08 3.600741000000000000e+06 1.198659000000000000e+06 1.000000000000000000e+08 1.000000000000000000e+08 3.097847000000000000e+06 1.284289000000000000e+06 1.000000000000000000e+08 0.000000000000000000e+00 1.000000000000000000e+08 2.682510000000000000e+06 1.000000000000000000e+08
1.000000000000000000e+08 2.682510000000000000e+06 2.682510000000000000e+06 2.682510000000000000e+06 1.000000000000000000e+08 1.000000000000000000e+08 1.000000000000000000e+08 1.000000000000000000e+08 1.000000000000000000e+08 1.000000000000000000e+08 1.000000000000000000e+08 1.000000000000000000e+08 7.103960000000000000e+05 1.000000000000000000e+08 1.000000000000000000e+08 1.000000000000000000e+08 1.000000000000000000e+08 3.330210000000000000e+06 2.682510000000000000e+06 1.000000000000000000e+08 0.000000000000000000e+00 1.000000000000000000e+00 1.000000000000000000e+08
1.000000000000000000e+00 1.000000000000000000e+08 2.682510000000000000e+06 2.682510000000000000e+06 1.000000000000000000e+08 3.444510000000000000e+06 1.000000000000000000e+08 1.000000000000000000e+08 1.000000000000000000e+08 9.307920000000000000e+05 7.103960000000000000e+05 7.103960000000000000e+05 1.000000000000000000e+08 1.000000000000000000e+08 7.099600000000000000e+05 1.000000000000000000e+08 1.000000000000000000e+08 1.000000000000000000e+08 2.682510000000000000e+06 2.682510000000000000e+06 1.000000000000000000e+00 0.000000000000000000e+00 6.350100000000000000e+04
1.000000000000000000e+08 3.127010000000000000e+06 1.000000000000000000e+08 3.127010000000000000e+06 3.127010000000000000e+06 1.000000000000000000e+08 1.000000000000000000e+00 1.000000000000000000e+00 3.084271000000000000e+06 1.000000000000000000e+08 6.468960000000000000e+05 6.468960000000000000e+05 6.468960000000000000e+05 3.444510000000000000e+06 1.000000000000000000e+08 3.343568000000000000e+06 2.956918000000000000e+06 2.885710000000000000e+06 1.000000000000000000e+08 1.000000000000000000e+08 1.000000000000000000e+08 6.350100000000000000e+04 0.000000000000000000e+00
